*---------------------------------------------------------------------------*
* Station name: Wageningen, Netherlands
* Year: 1983
* Author: Allard de WIt                                   -99.000: NIL VALUE
* Source: AgERA5 (https://doi.org/10.24381/cds.6c68c9bb)
* Comments:
* Longitude: 5.632, latitude: 51.989, altitude: 10 m.
*
* Column  Daily value
* 1       station number
* 2       year
* 3       day
* 4       irradiation                   (kJ m-2 d-1)
* 5       minimum temperature           (degrees Celsius)
* 6       maximum temperature           (degrees Celsius)
* 7       early morning vapour pressure (kPa)
* 8       mean wind speed (height: 2 m) (m s-1)
* 9       precipitation                 (mm d-1)
*
** WCCDESCRIPTION=Netherlands, Wageningen
** WCCFORMAT=2
** WCCYEARNR=1983
*---------------------------------------------------------------------------*
   5.63  51.99    10.  -0.18 -0.55
   1 1983   1  3092   3.3   0.0   0.571   5.0   2.8
   1 1983   2  3063   5.4   2.2   0.702   2.9   1.1
   1 1983   3  1007  10.2   0.4   1.079   6.2  17.4
   1 1983   4  1354  10.4   9.1   0.859   6.7   7.4
   1 1983   5  1261  11.9   4.1   1.162   5.7   3.5
   1 1983   6  2605  10.7   9.8   0.901   6.3   3.4
   1 1983   7  3364   6.7   2.8   0.721   5.9   5.3
   1 1983   8  3283   6.3   4.7   0.728   4.1   0.5
   1 1983   9  1646   7.9   2.7   0.838   5.5   3.1
   1 1983  10  2915   9.2   3.4   0.933   4.5   0.7
   1 1983  11  2279   8.8   6.8   0.921   3.8   0.7
   1 1983  12  2087   7.5   4.1   0.788   4.8   0.3
   1 1983  13  1364   7.3   3.5   0.682   5.7   5.0
   1 1983  14  1137   5.8   1.0   0.692   6.5   8.6
   1 1983  15  1468   7.3   3.8   0.859   6.3   5.8
   1 1983  16  2313   8.3   6.3   0.881   5.9   1.4
   1 1983  17  2162   7.5   6.4   0.823   6.2   2.4
   1 1983  18  4380   6.5   5.8   0.575   7.2   2.6
   1 1983  19  3538   4.2   1.1   0.559   6.0   1.6
   1 1983  20  3068   4.7   1.0   0.588   4.1   0.5
   1 1983  21  1881   6.7   3.0   0.763   5.0   0.6
   1 1983  22  4076   6.1   3.8   0.696   2.7   0.1
   1 1983  23  4835   5.0  -0.3   0.577   1.7   0.0
   1 1983  24  4914   7.0  -1.3   0.577   4.1   2.0
   1 1983  25  1318   9.1   4.7   0.968   3.7   1.4
   1 1983  26  3572   9.6   5.4   1.041   4.3   0.4
   1 1983  27  2328  12.2   8.0   0.987   6.3   1.8
   1 1983  28  1244   9.1   7.0   0.987   6.2   6.3
   1 1983  29  3515   8.1   6.9   0.717   5.6   0.5
   1 1983  30  3032   6.5   4.6   0.673   6.1   5.6
   1 1983  31  3468   4.6   0.6   0.705   5.5  14.2
   1 1983  32  4821   9.3   1.5   0.678   8.9   4.7
   1 1983  33  5085   5.7   2.2   0.548   5.2   1.8
   1 1983  34  4155   3.6   0.9   0.592   3.8   2.2
   1 1983  35  6107   4.4  -1.0   0.558   3.1   4.1
   1 1983  36  3688   5.1  -0.6   0.655   5.3   9.3
   1 1983  37  3468   3.9   1.4   0.669   2.4   2.0
   1 1983  38  2971   1.7  -0.4   0.570   3.9   1.6
   1 1983  39  4194   1.2  -0.9   0.471   4.2   1.2
   1 1983  40  5250   0.9  -2.4   0.427   2.6   0.6
   1 1983  41  5628   0.4  -4.6   0.410   1.7   0.3
   1 1983  42  5384   1.3  -4.8   0.423   3.3   0.5
   1 1983  43  6106   1.0  -3.2   0.405   3.3   0.6
   1 1983  44  7707  -0.8  -5.6   0.349   2.6   0.0
   1 1983  45  8372   0.4  -6.3   0.360   3.5   0.0
   1 1983  46  8063   2.4  -4.8   0.391   3.9   0.0
   1 1983  47  8819   0.8  -5.3   0.308   3.6   0.0
   1 1983  48  8681   2.3  -4.3   0.418   3.1   0.0
   1 1983  49  8581   3.1  -4.4   0.451   1.8   0.0
   1 1983  50  7057   2.8  -3.9   0.503   1.5   0.2
   1 1983  51  4927   3.8  -1.8   0.529   2.0   0.2
   1 1983  52  8964   2.9  -2.5   0.377   2.4   0.0
   1 1983  53 10001   1.6  -5.1   0.293   3.5   0.0
   1 1983  54 10215   4.5  -4.1   0.282   4.1   0.0
   1 1983  55 10119   7.4  -2.4   0.477   2.8   0.0
   1 1983  56  5475   8.4   1.6   0.712   3.2   3.3
   1 1983  57  2566   8.2   3.5   0.891   2.6   2.9
   1 1983  58  3224   7.7   4.6   0.846   4.1   5.0
   1 1983  59  7868   6.1   3.3   0.688   4.0   3.9
   1 1983  60  7043   6.0   1.1   0.675   2.1   1.6
   1 1983  61  8528   6.8  -1.3   0.605   1.9   0.1
   1 1983  62 10350   8.9  -1.3   0.638   2.4   0.0
   1 1983  63  9295   9.1  -0.5   0.685   2.2   0.0
   1 1983  64 10707   9.0   0.9   0.731   4.5   0.0
   1 1983  65  5591   9.0   5.0   0.840   4.7   0.6
   1 1983  66  6608   9.6   5.4   0.833   3.2   0.3
   1 1983  67 10538  10.3   3.9   0.785   3.0   0.0
   1 1983  68  7707   8.1   3.1   0.757   2.9   0.2
   1 1983  69  8969  10.0   3.0   0.843   3.7   0.3
   1 1983  70  9640   7.5   5.5   0.580   2.9   0.1
   1 1983  71 13100   8.3  -2.9   0.462   2.9   0.0
   1 1983  72 12619  12.5   0.0   0.617   3.2   1.1
   1 1983  73  8138  12.6   7.2   0.967   4.2   2.1
   1 1983  74 10037   9.8   3.9   0.798   2.1   0.5
   1 1983  75 11339   9.8   0.5   0.732   2.2   0.3
   1 1983  76  3300  11.0   4.0   1.015   4.0   4.1
   1 1983  77  5463  11.8   7.9   1.087   3.7   5.9
   1 1983  78  3623  10.2   7.8   1.012   3.4   2.8
   1 1983  79  7271  11.1   4.8   0.907   3.9   3.0
   1 1983  80  7133   8.6   3.3   0.683   6.1   6.6
   1 1983  81 10653   6.4   1.4   0.620   7.5   5.5
   1 1983  82  7007   8.9   2.1   0.828   6.2  13.5
   1 1983  83  7989   7.4   5.2   0.661   4.8   0.8
   1 1983  84 12551   6.8   1.6   0.624   5.6   9.0
   1 1983  85 11839   6.6   1.6   0.632   4.7   2.1
   1 1983  86  6751   7.4   0.4   0.611   3.3   4.3
   1 1983  87 13858   7.1   0.1   0.608   2.9   2.4
   1 1983  88 12343   7.3  -0.2   0.669   3.7   7.3
   1 1983  89 10335   8.9   3.6   0.718   4.3   2.9
   1 1983  90 11933   9.4   3.2   0.802   2.8   3.3
   1 1983  91  9647  11.9   3.2   0.828   3.2   1.2
   1 1983  92 11418   9.4   3.7   0.734   4.5   0.4
   1 1983  93 14737   7.4   1.6   0.593   2.2   0.9
   1 1983  94 10838   7.7  -1.8   0.620   3.8   1.3
   1 1983  95 13258   8.4   0.5   0.740   3.4  11.6
   1 1983  96 12568   8.7   2.8   0.691   4.7   2.9
   1 1983  97 14144   9.1   2.6   0.706   3.3   2.8
   1 1983  98  6420   9.0   2.0   0.757   3.6   2.1
   1 1983  99 15562  10.9   2.6   0.697   1.9   0.1
   1 1983 100  7539  12.6   0.7   1.010   3.4   5.2
   1 1983 101  9062  11.2   7.5   0.807   2.8   4.3
   1 1983 102 10535   7.8   4.3   0.694   5.5   2.1
   1 1983 103 15612   9.3   2.1   0.687   3.2   1.7
   1 1983 104 10426   9.9   3.9   0.826   3.7   1.3
   1 1983 105 18059  13.4   5.2   0.837   2.8   0.0
   1 1983 106 20300  17.2   3.3   0.891   3.4   0.1
   1 1983 107 12251  17.4  11.4   1.100   3.4   3.1
   1 1983 108 15091  19.4   9.4   1.101   3.0   2.1
   1 1983 109 11162  12.1   9.4   0.836   3.6   2.9
   1 1983 110 19667  16.3   3.2   0.788   3.6   0.8
   1 1983 111  5671  13.3   9.6   1.001   3.0  11.3
   1 1983 112 19769  15.5   4.7   0.856   2.4   0.1
   1 1983 113 11912  16.5   9.4   1.043   2.7   3.2
   1 1983 114 16919  14.3   7.0   0.884   1.9   0.0
   1 1983 115 12758  16.3   6.4   1.029   2.8   2.0
   1 1983 116 18599  16.4   6.4   1.034   2.0  13.9
   1 1983 117  9053  12.3   9.1   0.990   4.2   4.4
   1 1983 118 18140  14.4   6.5   0.933   3.3   3.9
   1 1983 119 15881  14.0   6.5   0.962   2.6   2.5
   1 1983 120 20355  16.3   4.1   0.928   2.2   5.1
   1 1983 121  8312  14.0   8.7   1.161   3.2   8.5
   1 1983 122 18477  12.9   7.1   0.882   4.5   4.7
   1 1983 123 10387  11.3   6.7   0.926   5.0   3.3
   1 1983 124 16413  12.5   5.3   0.836   2.6   0.4
   1 1983 125 19913  15.3   3.2   0.850   2.1   0.0
   1 1983 126 16529  19.1   7.0   1.055   3.2   4.8
   1 1983 127 11533  15.8  10.4   1.237   1.9   3.2
   1 1983 128 18583  15.3   7.5   1.080   2.7   3.5
   1 1983 129 15950  16.0   8.0   1.020   4.2   4.6
   1 1983 130 18922  13.2   5.7   0.755   3.5   1.2
   1 1983 131 12854  12.5   5.8   0.920   4.1   4.9
   1 1983 132 10000  13.0   6.0   0.960   5.2   5.0
   1 1983 133 19616  15.4   7.8   0.990   4.0   1.8
   1 1983 134 20344  16.6   7.8   0.983   2.7   0.7
   1 1983 135 15029  17.1   6.7   1.178   3.2   4.7
   1 1983 136  9462  15.9   5.2   1.181   2.7   4.5
   1 1983 137 18581  17.0   8.0   1.092   1.8   5.1
   1 1983 138 19943  15.5   7.9   1.078   3.2   4.8
   1 1983 139 19087  15.5   8.3   1.047   3.4   2.5
   1 1983 140 17894  17.0   7.2   1.098   2.0   7.5
   1 1983 141  7497  12.9   9.6   1.145   2.4   8.5
   1 1983 142 19968  15.1   6.0   0.958   2.4   0.7
   1 1983 143 21339  16.8   4.8   0.937   2.2   0.9
   1 1983 144  4283  12.1   9.1   1.091   5.0   9.3
   1 1983 145  3763  11.4   8.6   1.067   5.5  10.5
   1 1983 146  4361  11.4   8.0   0.990   5.1   9.3
   1 1983 147 11827  12.1   7.3   0.889   3.4   1.3
   1 1983 148 17596  14.1   5.9   1.023   3.1   6.2
   1 1983 149 11873  13.1   7.5   1.048   2.2   2.9
   1 1983 150 19545  16.0   6.4   1.001   1.7   0.5
   1 1983 151 23410  22.4   7.9   1.197   2.5   0.6
   1 1983 152 17555  24.4  13.8   1.574   3.4   7.9
   1 1983 153 20781  18.4  13.4   1.291   4.0   3.5
   1 1983 154 21265  19.5  10.1   1.228   2.1   0.1
   1 1983 155 20160  24.1  12.2   1.446   2.9   1.0
   1 1983 156 17924  19.6  11.0   1.236   2.8   2.7
   1 1983 157 27230  19.4   7.5   0.983   4.2   0.0
   1 1983 158 27343  23.4   9.8   1.097   3.6   0.0
   1 1983 159 21505  26.4  13.5   1.624   2.7   4.7
   1 1983 160 22484  20.7  14.3   1.365   3.2   0.0
   1 1983 161 20322  18.6  11.7   1.169   2.5   0.2
   1 1983 162 21812  20.0  11.5   1.206   3.2   0.0
   1 1983 163 23782  20.9  11.9   1.310   2.4   0.1
   1 1983 164 23681  19.6  11.0   1.124   2.4   0.0
   1 1983 165 17807  16.5  10.0   1.024   4.0   1.6
   1 1983 166 20667  15.5   9.0   0.910   4.0   0.5
   1 1983 167 19546  15.1   7.8   0.832   3.1   0.1
   1 1983 168 24861  15.7   6.7   0.801   3.5   0.1
   1 1983 169 20764  19.6   9.1   1.118   3.6   0.3
   1 1983 170 25791  20.7  10.0   1.252   3.4   0.0
   1 1983 171 26811  24.5  11.1   1.245   3.0   0.0
   1 1983 172 25493  26.5  14.0   1.418   2.7   0.0
   1 1983 173 23527  27.5  16.3   1.558   2.5   0.1
   1 1983 174 23602  26.7  15.9   1.748   1.4   1.3
   1 1983 175 23091  24.8  14.9   1.703   2.0   2.6
   1 1983 176 21344  21.7  13.0   1.364   2.2   0.3
   1 1983 177 22886  22.9  11.8   1.243   1.9   0.2
   1 1983 178 17094  18.4  13.4   1.169   3.6   0.8
   1 1983 179 18788  17.0   9.9   1.033   3.8   2.0
   1 1983 180  8907  18.9  12.1   1.441   4.6   6.2
   1 1983 181 12862  17.8  13.4   1.295   2.4   4.6
   1 1983 182 20698  17.7   9.7   1.067   2.6   0.2
   1 1983 183 18431  21.5  10.0   1.313   3.3   0.0
   1 1983 184 23676  21.8  11.1   1.352   2.1   0.1
   1 1983 185 26619  23.6  11.3   1.422   1.7   0.0
   1 1983 186 24924  26.7  13.2   1.560   2.8   0.0
   1 1983 187 22405  26.8  17.2   1.833   2.0   1.2
   1 1983 188 21548  25.7  16.9   1.929   1.2   2.2
   1 1983 189 22793  26.0  15.8   1.880   2.0   1.1
   1 1983 190 23199  25.8  15.8   1.988   2.6   2.2
   1 1983 191 25564  29.3  15.8   1.766   2.3   0.0
   1 1983 192 25761  30.8  17.3   1.780   2.4   0.0
   1 1983 193 25216  28.4  17.6   1.800   3.2   0.1
   1 1983 194 22595  22.4  13.7   1.408   3.5   0.0
   1 1983 195 22995  21.4  12.3   1.228   1.9   0.0
   1 1983 196 24880  27.5  13.0   1.787   3.2   0.3
   1 1983 197 24366  27.0  17.3   1.705   2.3   0.2
   1 1983 198 23815  31.2  16.2   1.748   2.8   0.1
   1 1983 199 21815  25.7  17.5   1.762   2.9   0.7
   1 1983 200 19217  22.5  15.0   1.401   2.9   0.1
   1 1983 201 24485  18.8  12.4   0.924   3.4   0.0
   1 1983 202 25044  20.5  10.1   1.047   1.9   0.0
   1 1983 203 25322  25.9  11.6   1.326   2.7   0.0
   1 1983 204 23162  28.8  15.2   1.633   2.2   1.6
   1 1983 205 14566  23.3  16.5   1.871   1.2   6.5
   1 1983 206 23146  26.2  13.8   1.719   1.6   0.0
   1 1983 207 20825  29.6  17.6   1.948   2.2   0.6
   1 1983 208 20825  26.0  16.5   1.764   3.2   0.1
   1 1983 209 20252  22.2  15.5   1.479   3.2   0.1
   1 1983 210 19814  23.5  13.4   1.648   3.1   0.0
   1 1983 211 23873  23.8  14.1   1.498   1.7   0.0
   1 1983 212 22938  29.9  13.9   1.616   2.7   3.1
   1 1983 213 10312  23.9  20.4   1.643   4.5  10.3
   1 1983 214 18068  17.8  12.1   1.164   2.7   3.0
   1 1983 215 19211  18.8  10.3   1.104   2.7   0.4
   1 1983 216 14910  20.2  10.5   1.369   3.6   0.6
   1 1983 217 14096  18.9  13.4   1.270   4.3   0.6
   1 1983 218 14147  19.5  14.0   1.372   4.2   0.4
   1 1983 219 17500  22.7  14.3   1.546   2.2   0.3
   1 1983 220 19993  25.5  13.5   1.571   2.7   0.0
   1 1983 221 22179  26.9  16.1   1.631   3.3   0.0
   1 1983 222 21331  25.5  15.5   1.603   3.4   0.3
   1 1983 223 21344  23.5  13.7   1.467   2.7   0.1
   1 1983 224 18506  21.4  12.4   1.396   3.4   0.2
   1 1983 225 15285  18.9  13.3   1.150   3.6   0.3
   1 1983 226 12758  20.0  12.7   1.320   1.6   0.4
   1 1983 227 21990  23.5  11.6   1.378   2.3   0.0
   1 1983 228 18716  23.3  14.9   1.565   3.4   0.0
   1 1983 229 11490  21.4  15.4   1.691   2.2   0.7
   1 1983 230 18025  23.6  14.7   1.568   1.7   0.0
   1 1983 231 20959  28.6  13.7   1.654   2.6   0.0
   1 1983 232 19803  27.4  17.7   1.878   2.0   2.0
   1 1983 233 15099  23.9  16.3   1.914   1.3   3.4
   1 1983 234 18111  24.2  14.4   1.702   1.2   1.8
   1 1983 235 18211  24.7  14.4   1.686   1.8   1.1
   1 1983 236 18592  24.0  14.9   1.641   3.5   0.1
   1 1983 237 19108  26.3  15.2   1.739   3.5   0.0
   1 1983 238 19613  24.2  15.3   1.544   3.2   0.0
   1 1983 239 17058  21.3  13.8   1.424   2.4   0.1
   1 1983 240 15580  19.6  13.2   1.263   3.6   0.1
   1 1983 241 18426  20.0  11.5   1.159   2.4   0.0
   1 1983 242 19283  23.4  10.6   1.336   1.9   0.0
   1 1983 243 18901  26.8  12.0   1.331   1.9   0.0
   1 1983 244 11264  22.7  16.0   1.762   2.8   4.5
   1 1983 245 16206  21.7  14.4   1.326   5.0   1.1
   1 1983 246  4173  16.7  14.6   1.331   7.4   5.9
   1 1983 247  9814  18.8  12.5   1.306   6.0   1.7
   1 1983 248 13642  17.6  14.1   1.044   5.1   0.1
   1 1983 249 14712  17.1  11.5   0.974   4.5   0.5
   1 1983 250 13501  15.6  10.0   0.876   3.7   0.1
   1 1983 251 13492  20.1   8.7   0.993   3.4   0.4
   1 1983 252  9438  19.0  15.1   1.412   4.0   3.8
   1 1983 253  9623  17.5  13.7   1.340   5.2   4.3
   1 1983 254  8161  14.1  10.9   1.183   5.6  10.4
   1 1983 255  7269  14.4  10.9   1.286   5.2   9.8
   1 1983 256  9770  14.3   9.7   1.084   4.1   6.1
   1 1983 257  6124  16.8  10.0   1.552   4.6   5.9
   1 1983 258  6414  17.8  14.5   1.441   5.6   7.9
   1 1983 259  9397  15.9  11.5   1.225   5.5   5.8
   1 1983 260  9100  14.9  10.8   1.262   4.2   4.5
   1 1983 261  2527  15.4  10.4   1.340   5.5   7.5
   1 1983 262 10956  17.3  12.9   1.169   4.2   0.6
   1 1983 263 12012  16.2  10.2   1.104   3.2   0.5
   1 1983 264  7484  18.0  11.1   1.331   3.9   9.2
   1 1983 265 10863  15.9  10.7   1.044   2.7   0.3
   1 1983 266 13986  19.0   6.2   1.112   2.5   0.0
   1 1983 267 12469  22.8  13.2   1.484   4.1   0.4
   1 1983 268 11706  14.6  10.3   0.943   1.7   0.0
   1 1983 269 13373  19.5   6.3   1.249   1.9   0.0
   1 1983 270 11810  20.5  11.6   1.520   1.7   0.1
   1 1983 271 10988  20.3  12.5   1.548   3.1   0.1
   1 1983 272 12902  22.1  11.9   1.471   1.5   0.0
   1 1983 273  9602  16.6  11.3   1.113   3.6   0.1
   1 1983 274 11423  16.6   6.9   1.019   3.2   0.9
   1 1983 275  7438  17.9  12.6   1.530   3.1   1.3
   1 1983 276  3570  19.4  13.0   1.717   3.7   2.9
   1 1983 277 11208  24.4  15.2   1.676   4.4   0.0
   1 1983 278  8519  17.6  14.3   1.237   5.3   0.8
   1 1983 279  7895  15.5  11.8   1.210   4.2   0.8
   1 1983 280  6099  16.1  10.9   1.247   5.0   3.6
   1 1983 281  5539  12.9   9.2   1.075   6.0  10.5
   1 1983 282  7874  13.7   8.7   1.091   3.2   2.8
   1 1983 283  4784  15.4  11.5   1.252   5.7   3.9
   1 1983 284  7283  11.9   8.8   0.994   5.2   5.0
   1 1983 285  5726  13.7   8.5   1.036   5.1   0.3
   1 1983 286 10144  18.4  10.0   1.046   5.3   0.4
   1 1983 287  9150  14.8  10.9   0.975   4.4   0.3
   1 1983 288  6845  14.9  10.3   1.063   7.3   7.3
   1 1983 289  7357  12.5   9.5   0.919   7.3   2.3
   1 1983 290  5230  11.0   8.7   0.986   5.1   3.6
   1 1983 291  1486  13.3   7.6   1.237   5.7   2.9
   1 1983 292  5374  13.4  11.9   0.967   4.7   0.8
   1 1983 293  5798  11.3   7.8   0.837   3.4   0.3
   1 1983 294  6706  10.8   6.5   0.724   2.3   0.0
   1 1983 295  8030  10.8   3.5   0.681   1.4   0.0
   1 1983 296  8900  11.0   0.6   0.690   2.2   0.0
   1 1983 297  6330  10.9   1.1   0.764   2.6   0.1
   1 1983 298  6098   9.5   1.7   0.792   3.3   0.5
   1 1983 299  5563  13.3   8.0   1.126   2.9   0.1
   1 1983 300  4703  12.7   7.9   1.011   3.6   0.6
   1 1983 301  4537  10.5   8.2   0.844   2.8   1.5
   1 1983 302  7094   9.2   3.0   0.631   2.3   0.0
   1 1983 303  6580   8.2  -1.5   0.705   3.7   0.8
   1 1983 304  4028  11.2   5.5   0.899   3.5   0.2
   1 1983 305  4986  12.6   7.9   1.136   4.0   0.4
   1 1983 306  4051  14.3  10.9   1.285   1.6   0.2
   1 1983 307  6642  12.5   7.8   0.997   2.3   0.0
   1 1983 308  6306  13.6   6.8   1.040   2.2   0.0
   1 1983 309  5296  13.5   5.9   1.113   1.0   0.1
   1 1983 310  3811  12.7   7.0   1.141   1.5   0.3
   1 1983 311  6105  13.4   5.8   1.004   2.4   0.0
   1 1983 312  6079  14.9   6.6   1.005   2.4   0.0
   1 1983 313  5913  14.7   7.6   1.033   1.5   0.0
   1 1983 314  5182  12.7   4.7   0.889   1.9   0.0
   1 1983 315  5014   9.8   4.0   0.815   3.4   0.0
   1 1983 316  6000   6.3   2.6   0.535   2.7   0.0
   1 1983 317  5901   3.8  -2.6   0.425   3.8   0.0
   1 1983 318  5957   1.6  -3.3   0.340   2.4   0.3
   1 1983 319  1564   5.7  -4.5   0.677   3.2   2.3
   1 1983 320  3332   7.3   3.1   0.800   2.3   0.6
   1 1983 321  3440   6.9   4.3   0.712   2.2   0.1
   1 1983 322  3458   5.0  -2.2   0.634   1.4   0.2
   1 1983 323  2688   7.2   2.1   0.795   2.3   0.4
   1 1983 324  2042   7.4   4.5   0.742   3.2   1.4
   1 1983 325  3914   5.0   2.3   0.599   3.2   0.4
   1 1983 326  4150   5.4  -0.7   0.561   2.1   0.1
   1 1983 327  3958   6.0   0.6   0.621   1.9   0.0
   1 1983 328  4617   3.9  -1.7   0.574   3.2   0.6
   1 1983 329  1238  12.1   1.9   1.222   5.4   9.6
   1 1983 330  1228  12.4  11.3   1.268   5.4  25.0
   1 1983 331   775  10.9   9.6   1.057   7.3  12.7
   1 1983 332  1710   8.2   5.9   0.895   2.7   3.7
   1 1983 333  3039   8.1   5.2   0.741   3.4   0.8
   1 1983 334  3072   6.2   2.4   0.559   3.0   0.2
   1 1983 335  3881  -0.4  -3.6   0.411   1.8   0.0
   1 1983 336  4270   0.8  -4.3   0.422   2.2   0.0
   1 1983 337  4202   1.5  -3.6   0.412   1.9   0.0
   1 1983 338  4218   4.3  -2.6   0.442   2.9   0.0
   1 1983 339  4041   6.9   0.7   0.601   3.1   3.1
   1 1983 340  2723   6.0   2.7   0.691   3.4   0.8
   1 1983 341  2700   5.2   1.3   0.636   2.4   0.1
   1 1983 342  1136   4.8   1.7   0.717   5.7  12.3
   1 1983 343   834   6.6   3.8   0.834   5.0   9.5
   1 1983 344  2765   4.6   4.0   0.564   3.8   1.2
   1 1983 345  3583   2.7  -0.1   0.491   1.8   0.2
   1 1983 346  1739  -0.6  -3.4   0.425   2.2   0.0
   1 1983 347  3038   2.6  -4.8   0.531   2.8   0.0
   1 1983 348  3477   1.1  -2.0   0.456   4.3   0.1
   1 1983 349  3817   6.6  -1.2   0.561   4.3   0.0
   1 1983 350  1589   0.7  -1.0   0.392   3.1   1.3
   1 1983 351  2129   3.6  -2.1   0.607   3.0   0.4
   1 1983 352  3521   4.7   2.3   0.680   3.4   1.3
   1 1983 353  1996   7.4   1.7   0.847   3.4   1.0
   1 1983 354  3086   8.4   4.5   0.859   5.1   1.9
   1 1983 355  3070   8.2   6.4   0.830   4.2   0.1
   1 1983 356  2638   8.3   4.5   0.902   5.1   6.8
   1 1983 357  2523   9.5   6.5   0.959   4.2   2.3
   1 1983 358  1107  11.9   5.4   1.076   4.7   3.3
   1 1983 359  1204  12.0  10.9   1.119   5.0   5.3
   1 1983 360  2231   8.6   7.7   0.799   5.2   2.4
   1 1983 361   963   9.7   2.6   0.982   5.8   3.7
   1 1983 362  2406  10.4   8.3   1.070   4.5   0.7
   1 1983 363  2802   8.9   6.6   0.947   2.7   0.2
   1 1983 364  2499   8.7   4.3   0.681   4.1   0.2
   1 1983 365  2340   7.3   3.4   0.749   6.0   0.3
