*---------------------------------------------------------------------------*
* Station name: Wageningen, Netherlands
* Year: 1984
* Author: Allard de WIt                                   -99.000: NIL VALUE
* Source: AgERA5 (https://doi.org/10.24381/cds.6c68c9bb)
* Comments:
* Longitude: 5.632, latitude: 51.989, altitude: 10 m.
*
* Column  Daily value
* 1       station number
* 2       year
* 3       day
* 4       irradiation                   (kJ m-2 d-1)
* 5       minimum temperature           (degrees Celsius)
* 6       maximum temperature           (degrees Celsius)
* 7       early morning vapour pressure (kPa)
* 8       mean wind speed (height: 2 m) (m s-1)
* 9       precipitation                 (mm d-1)
*
** WCCDESCRIPTION=Netherlands, Wageningen
** WCCFORMAT=2
** WCCYEARNR=1984
*---------------------------------------------------------------------------*
   5.63  51.99    10.  -0.18 -0.55
   1 1984   1  1144   8.9   5.6   0.934   7.0   8.3
   1 1984   2  3189   7.3   5.8   0.870   6.2  15.6
   1 1984   3  3450   8.1   6.4   0.603   7.3   4.9
   1 1984   4  2128   5.5   1.7   0.661   4.8   3.6
   1 1984   5  2467   4.5   0.3   0.688   4.3   4.6
   1 1984   6  2515   5.9   3.1   0.779   3.4   2.1
   1 1984   7  1866   7.2   3.5   0.705   5.7   7.9
   1 1984   8  2484   4.3   2.2   0.675   5.0   3.6
   1 1984   9  2870   3.7   2.1   0.598   2.2   0.2
   1 1984  10  2735   4.3  -1.0   0.689   4.1   1.8
   1 1984  11  1120   7.6   3.5   0.930   6.6   6.6
   1 1984  12  2517   5.9   5.1   0.673   4.5   4.1
   1 1984  13  1263  10.2   0.9   0.782   8.3   9.0
   1 1984  14  1354   9.3   3.6   0.616   7.8   8.9
   1 1984  15  2977   3.2   1.0   0.543   6.0   3.0
   1 1984  16  2466   5.9   0.9   0.736   6.8  10.1
   1 1984  17  3672   5.7   4.8   0.544   7.3   2.0
   1 1984  18  3602   4.0   1.4   0.568   4.3   1.6
   1 1984  19  3847   3.3  -0.5   0.566   1.8   0.6
   1 1984  20  4316   3.5  -2.7   0.514   2.2   0.1
   1 1984  21  3832   0.2  -4.5   0.447   3.4   0.0
   1 1984  22  2890  -0.6  -4.4   0.424   4.2   7.4
   1 1984  23  2604   0.9  -3.1   0.526   4.1  12.2
   1 1984  24  2500   2.0   0.0   0.588   4.1   1.6
   1 1984  25  4283   1.8  -1.2   0.508   2.7   0.5
   1 1984  26  1772   2.2  -3.4   0.548   5.0   3.8
   1 1984  27  4899   6.5   1.1   0.690   3.5   0.8
   1 1984  28  2339   6.0   1.6   0.790   3.2   1.5
   1 1984  29  1551   5.6   2.2   0.779   3.6   2.9
   1 1984  30  3550   5.4   2.4   0.709   4.2   4.3
   1 1984  31  3428   5.6   2.1   0.683   3.4   1.1
   1 1984  32  4196   4.5  -0.9   0.661   3.1   5.5
   1 1984  33  3187   6.3   2.6   0.804   4.7   3.9
   1 1984  34  1332   7.9   3.3   0.794   5.5   5.4
   1 1984  35  3041   6.7   2.6   0.837   4.7   3.9
   1 1984  36  4953   8.7   5.9   0.675   5.0   5.4
   1 1984  37  2393   8.0   2.1   0.885   7.0  17.3
   1 1984  38  5498   5.0   2.4   0.565   6.7   3.9
   1 1984  39  2928   5.1   1.8   0.685   5.9   8.3
   1 1984  40  6770   6.3   2.9   0.592   3.9   0.1
   1 1984  41  3883   6.8  -1.1   0.769   2.7   0.8
   1 1984  42  4201   7.5   4.0   0.785   2.8   0.6
   1 1984  43  7635   4.3   0.7   0.463   3.0   0.0
   1 1984  44  8021   4.7  -3.6   0.451   2.0   0.0
   1 1984  45  7531   3.3  -3.3   0.512   1.7   0.1
   1 1984  46  6294   1.7  -2.6   0.461   1.5   0.1
   1 1984  47  8352   2.7  -4.3   0.431   1.5   0.0
   1 1984  48  8284   3.3  -5.0   0.430   1.7   0.0
   1 1984  49  9090   2.9  -5.5   0.368   2.9   0.0
   1 1984  50  9252   2.3  -4.8   0.354   4.0   0.0
   1 1984  51  9558   3.2  -4.3   0.421   3.1   2.0
   1 1984  52  2925   6.2  -2.1   0.709   4.0   3.9
   1 1984  53  5348   5.1   0.0   0.647   1.8   0.4
   1 1984  54  7100   4.6  -1.5   0.583   3.2   0.2
   1 1984  55  7489   3.4  -1.8   0.483   3.4   0.4
   1 1984  56  6334   3.0  -1.5   0.482   5.0   0.6
   1 1984  57  4382   4.5  -0.5   0.607   2.9   1.1
   1 1984  58  3358   4.0   0.1   0.636   3.4   0.8
   1 1984  59  6621   5.8   0.3   0.593   2.4   0.4
   1 1984  60  9987   5.8  -2.8   0.527   1.1   0.0
   1 1984  61  6965   6.0  -3.3   0.674   2.1   1.1
   1 1984  62  3965   5.7   1.9   0.664   5.5   9.8
   1 1984  63  7934   4.6   0.2   0.602   3.8   1.0
   1 1984  64 10220   5.9  -2.3   0.577   1.7   0.1
   1 1984  65  4007   8.0  -0.8   0.776   1.4   0.3
   1 1984  66  5938   9.0   1.0   0.836   2.2   0.6
   1 1984  67  6572   7.4   3.7   0.661   3.9   0.3
   1 1984  68 11683   6.6   0.9   0.491   3.6   0.0
   1 1984  69 11536   4.8  -2.7   0.453   2.1   2.3
   1 1984  70  1627   2.9  -1.8   0.656   2.5  11.2
   1 1984  71  5264   5.9   1.5   0.720   1.9   1.7
   1 1984  72 10041   8.1   1.2   0.589   2.7   0.1
   1 1984  73 10535   6.9  -1.5   0.559   3.1   0.1
   1 1984  74 13527   9.2  -1.5   0.576   2.5   0.0
   1 1984  75 13399   9.2  -1.6   0.585   3.2   0.0
   1 1984  76 12921   7.7  -1.2   0.557   3.4   0.0
   1 1984  77 12611   7.3  -2.0   0.531   3.2   0.0
   1 1984  78 12641   8.0  -0.3   0.487   3.3   0.0
   1 1984  79 13568   8.7  -1.0   0.462   2.8   0.0
   1 1984  80 14981   8.3  -3.0   0.428   2.2   0.0
   1 1984  81 14867   9.3  -3.7   0.477   1.9   0.0
   1 1984  82 15061  10.2  -3.1   0.516   1.6   0.0
   1 1984  83 13542  11.2  -1.9   0.558   1.9   0.1
   1 1984  84  6458  11.3   3.5   0.673   5.1   4.2
   1 1984  85 13330  10.8   1.2   0.691   3.7   1.8
   1 1984  86  9549  10.2   5.4   0.831   4.3   3.5
   1 1984  87 11892  10.3   4.0   0.811   4.3   9.6
   1 1984  88  8870  11.3   4.8   0.880   3.7   7.3
   1 1984  89 10918   8.0   5.2   0.699   3.2   0.8
   1 1984  90 14128   8.5  -1.0   0.634   1.8   1.3
   1 1984  91 12973   7.3   0.5   0.644   2.2   2.1
   1 1984  92 10846   6.1  -0.5   0.471   4.6   0.2
   1 1984  93 14822   6.8  -0.4   0.455   4.3   0.3
   1 1984  94 11531   5.9  -0.3   0.527   3.0   0.7
   1 1984  95 10220   6.8   0.1   0.622   1.3   1.9
   1 1984  96  2888   5.6   1.8   0.722   1.7   3.9
   1 1984  97 11146   8.6   1.3   0.696   2.5   0.9
   1 1984  98 13641   8.8   1.8   0.773   1.4   1.6
   1 1984  99 11121   8.3   2.4   0.724   2.7   1.0
   1 1984 100 11777   8.6   2.6   0.751   2.2   2.3
   1 1984 101 14626   9.6   1.4   0.714   1.5   1.2
   1 1984 102 16308  11.2  -0.2   0.737   2.5   4.0
   1 1984 103 16119  10.4   4.0   0.653   2.4   0.1
   1 1984 104 19597  12.8  -1.9   0.654   1.9   0.0
   1 1984 105 20386  16.3   1.7   0.787   2.4   0.0
   1 1984 106 15841  17.0   7.2   0.858   4.0   0.1
   1 1984 107 18230   9.7   3.1   0.686   2.8   2.1
   1 1984 108 19482  11.1  -0.1   0.595   1.6   0.0
   1 1984 109 19922  13.2  -1.0   0.588   1.5   0.0
   1 1984 110 17167  15.1   2.5   0.655   1.8   0.0
   1 1984 111 17872  16.6   3.4   0.777   1.5   0.0
   1 1984 112 21241  19.7   3.0   0.842   1.6   0.0
   1 1984 113 18700  20.2   7.0   0.924   2.6   0.0
   1 1984 114 22058  16.5   4.8   0.744   3.2   0.0
   1 1984 115 22164  19.8   5.3   0.760   3.1   0.0
   1 1984 116 22179  19.2   6.9   0.754   2.5   0.0
   1 1984 117 22106  17.8   4.9   0.850   3.2   0.0
   1 1984 118 22995  15.3   5.2   0.519   2.9   0.0
   1 1984 119 23080  15.0   3.0   0.610   3.4   0.0
   1 1984 120 23251  14.9   3.1   0.533   3.5   0.0
   1 1984 121 20651  16.1   4.4   0.817   3.2   1.0
   1 1984 122 10731  12.8   6.1   1.002   2.7   4.4
   1 1984 123 18885  15.1   5.9   0.915   1.4   0.1
   1 1984 124 17303  15.5   5.8   1.057   1.1   1.8
   1 1984 125 17743  15.8   5.9   1.098   1.4   2.0
   1 1984 126 18785  17.5   6.0   1.119   2.9   3.9
   1 1984 127  7061  12.0   8.6   0.927   4.4   6.5
   1 1984 128 22475  12.8   4.0   0.650   4.8   0.2
   1 1984 129 18804  12.6   4.3   0.645   4.0   0.6
   1 1984 130 16621  11.0   2.9   0.723   3.1   0.9
   1 1984 131 15533  10.8   2.7   0.756   2.9   1.6
   1 1984 132 19987  12.5   5.1   0.734   5.0   0.8
   1 1984 133 20602  13.5   5.0   0.624   4.9   0.0
   1 1984 134 18269  15.2   6.3   0.751   4.0   0.1
   1 1984 135 21730  18.1   6.5   0.858   2.9   0.5
   1 1984 136 13663  16.3   9.1   1.167   2.1   4.1
   1 1984 137 18125  17.9   5.7   1.110   1.4   0.7
   1 1984 138 13107  15.0   8.1   1.067   2.0   1.4
   1 1984 139 21614  16.5   6.7   1.006   2.2   0.7
   1 1984 140 24435  17.1   5.4   0.969   2.8   4.7
   1 1984 141 12899  16.4   7.3   1.076   2.6   2.1
   1 1984 142  6772  14.3   6.5   1.169   4.2  35.9
   1 1984 143 11289  15.7   7.5   1.020   3.3   0.8
   1 1984 144  9848  14.6   7.2   1.050   3.3   8.6
   1 1984 145 17403  16.6   8.4   1.133   3.4   0.6
   1 1984 146 18733  15.2   7.5   1.019   2.7   0.2
   1 1984 147 16683  16.4   7.8   1.027   1.4   1.2
   1 1984 148  9353  15.2   9.9   1.175   1.7   3.5
   1 1984 149 10761  15.1   7.8   1.144   2.8  11.2
   1 1984 150  9455  14.9   8.7   1.247   2.7   4.9
   1 1984 151 11671  17.1   9.9   1.289   3.6   3.0
   1 1984 152 22366  19.8   8.0   1.103   1.9   0.1
   1 1984 153 17037  18.9   9.3   1.292   2.3   4.7
   1 1984 154 21829  18.4   9.4   1.078   3.4   2.0
   1 1984 155  9773  20.8  12.9   1.366   3.4  20.2
   1 1984 156  7675  14.3   9.4   1.201   2.8   3.9
   1 1984 157 15586  16.0   8.6   1.056   2.2   0.4
   1 1984 158 15997  16.5   7.6   1.087   3.9   4.1
   1 1984 159  6879  15.8  10.1   1.242   2.1   2.0
   1 1984 160 24058  18.3  10.3   1.121   3.9   0.3
   1 1984 161 24044  16.7   9.0   1.033   3.7   0.2
   1 1984 162 22381  18.4   8.1   1.114   2.2   0.0
   1 1984 163 23740  16.8   8.7   0.954   2.2   0.0
   1 1984 164 26105  19.4   6.0   1.095   2.2   0.0
   1 1984 165 15775  19.0  11.8   1.329   4.6   1.7
   1 1984 166 11641  16.6  13.0   1.292   4.0   2.3
   1 1984 167 20010  16.5   8.9   1.075   3.6   0.4
   1 1984 168 22034  17.8   9.1   1.103   1.9   0.0
   1 1984 169 22390  19.4   9.6   1.253   1.9   0.0
   1 1984 170 24062  21.1  10.1   1.341   1.7   0.0
   1 1984 171 26716  23.5  10.1   1.452   1.4   0.0
   1 1984 172 25440  25.9  11.8   1.566   1.1   0.0
   1 1984 173 24892  21.8  14.9   1.282   3.3   0.8
   1 1984 174 15546  19.0   8.8   1.245   5.6   3.1
   1 1984 175 22197  15.8   9.4   0.868   4.7   1.5
   1 1984 176 19087  15.1   8.6   0.906   4.7   0.5
   1 1984 177  9053  17.3   9.6   1.212   5.0   2.7
   1 1984 178 21777  18.3  10.5   1.150   3.5   0.1
   1 1984 179 23050  19.9  11.7   1.294   3.7   0.0
   1 1984 180 21544  16.3  10.8   0.960   4.0   1.0
   1 1984 181 17930  15.4   8.2   0.915   3.4   3.4
   1 1984 182 21396  15.4   8.6   0.928   3.8   0.5
   1 1984 183 25031  17.1   6.6   0.912   1.7   0.1
   1 1984 184 16074  17.0   8.3   1.107   3.6   5.7
   1 1984 185 15804  14.9   8.9   1.029   4.5   1.2
   1 1984 186 15639  15.8   9.7   1.072   3.5   0.5
   1 1984 187 17945  17.3   9.8   1.141   3.5   0.3
   1 1984 188 23101  18.3   9.0   1.133   1.7   0.1
   1 1984 189 26185  23.0   8.1   1.343   1.7   0.0
   1 1984 190 26147  26.9  13.2   1.392   2.7   0.0
   1 1984 191 22756  28.2  16.1   1.823   2.1   3.8
   1 1984 192 22549  26.5  14.1   1.775   1.8   5.0
   1 1984 193 18869  26.1  14.0   1.821   2.4  12.2
   1 1984 194 20920  21.1  13.6   1.315   4.2   0.6
   1 1984 195 18725  17.8  14.7   1.437   4.3   4.8
   1 1984 196  5844  16.1  12.3   1.452   2.9   9.4
   1 1984 197 12931  17.5  11.1   1.355   2.8   7.5
   1 1984 198 16767  16.9  11.3   1.270   4.5   3.1
   1 1984 199 15312  17.0  11.4   1.174   3.7   0.6
   1 1984 200 13472  19.5  11.1   1.424   3.4   0.8
   1 1984 201 17628  17.7  12.4   1.201   2.9   0.4
   1 1984 202 15076  18.0  11.7   1.299   2.8   0.5
   1 1984 203 19052  19.0  12.0   1.273   2.4   0.8
   1 1984 204 22408  18.5  10.2   1.110   2.4   0.0
   1 1984 205 21528  19.8   9.9   1.220   1.8   0.0
   1 1984 206 23732  20.4  10.1   1.223   2.2   0.0
   1 1984 207 23334  20.0   9.6   1.279   2.7   0.2
   1 1984 208 15059  17.9  12.7   1.298   4.0   0.5
   1 1984 209 17064  20.5  12.1   1.342   4.0   0.2
   1 1984 210  7151  19.9  13.5   1.605   3.2   0.8
   1 1984 211 22915  23.8  15.1   1.556   2.3   0.4
   1 1984 212 21476  29.4  15.0   1.633   3.1   0.0
   1 1984 213 18898  27.7  21.6   1.785   3.5   4.0
   1 1984 214 18271  21.1  15.3   1.460   2.1   0.8
   1 1984 215 10855  20.5  10.8   1.614   2.5   2.0
   1 1984 216 16615  22.5  14.3   1.706   2.4   7.0
   1 1984 217 19829  23.2  14.8   1.469   2.2   0.3
   1 1984 218 18091  20.3  14.6   1.556   2.4   8.4
   1 1984 219 16586  18.7  12.8   1.220   2.9   1.2
   1 1984 220 13892  20.7  10.9   1.265   2.4   0.4
   1 1984 221 18956  21.7  11.9   1.433   2.7   1.8
   1 1984 222 19339  21.4  12.8   1.405   4.0   0.3
   1 1984 223 19366  20.0  12.8   1.262   3.9   0.0
   1 1984 224 17631  20.0  10.8   1.370   2.7   0.2
   1 1984 225 16426  22.5  13.5   1.512   2.2   0.2
   1 1984 226 18109  23.3  12.8   1.530   1.8   0.4
   1 1984 227 20018  21.8  12.4   1.478   2.0   1.0
   1 1984 228 19979  22.2  10.6   1.398   1.5   0.0
   1 1984 229 20378  21.9  11.5   1.414   1.8   0.4
   1 1984 230 20339  21.8  11.1   1.277   1.8   0.0
   1 1984 231 19129  23.2   9.4   1.372   1.1   0.0
   1 1984 232 20930  24.8  13.9   1.485   1.1   0.0
   1 1984 233 20512  25.7  13.2   1.595   2.1   0.0
   1 1984 234 20459  26.3  14.8   1.595   2.7   0.0
   1 1984 235 20491  27.7  16.2   1.479   2.7   0.0
   1 1984 236 18424  27.9  15.7   1.758   1.7   0.3
   1 1984 237 16276  26.9  16.0   1.635   1.8   0.5
   1 1984 238 14884  24.7  16.0   1.661   2.4   0.5
   1 1984 239 17771  22.6  14.2   1.589   2.1   0.2
   1 1984 240 18112  20.9  11.9   1.271   1.7   0.0
   1 1984 241 18844  22.4  10.9   1.430   1.7   0.0
   1 1984 242 14528  21.3  14.0   1.546   3.4   0.2
   1 1984 243 13032  21.9  14.8   1.667   4.5   0.6
   1 1984 244 11115  21.9  15.4   1.689   4.6   1.2
   1 1984 245 10787  20.8  16.3   1.602   3.7   0.7
   1 1984 246 16772  23.7  12.7   1.583   2.5   1.8
   1 1984 247 11556  22.1  17.1   1.633   5.5   2.1
   1 1984 248  5427  18.3  16.6   1.365   5.0   5.3
   1 1984 249 13314  15.2   9.5   0.983   2.9   1.1
   1 1984 250 12804  16.1   8.5   0.970   3.0   2.4
   1 1984 251  2316  12.8  10.0   1.253   2.9  13.4
   1 1984 252  8919  15.0   9.5   1.263   3.0   5.5
   1 1984 253  3515  15.2  11.2   1.284   5.6   8.7
   1 1984 254  6374  14.9  10.0   1.270   6.0   9.1
   1 1984 255  7407  16.1  11.0   1.277   5.1   2.5
   1 1984 256 11657  17.3  11.5   1.194   3.2   0.2
   1 1984 257 10501  19.7  10.7   1.450   1.7   0.3
   1 1984 258  7656  18.2  14.8   1.637   1.8   9.6
   1 1984 259  5689  16.9  12.7   1.626   2.6   5.9
   1 1984 260  9937  18.8  13.3   1.418   2.2   0.2
   1 1984 261  9058  18.1  10.3   1.403   2.2   5.1
   1 1984 262  8718  17.2  12.1   1.402   1.4   1.4
   1 1984 263  7816  15.6  11.2   1.210   4.0   1.1
   1 1984 264  6011  16.3   9.9   1.287   4.6   6.5
   1 1984 265  7556  14.4  10.3   1.052   4.1   2.5
   1 1984 266  8706  14.0   8.5   1.053   3.7   3.5
   1 1984 267  9332  13.4   7.8   1.030   2.0   4.4
   1 1984 268  9367  12.6   6.1   1.017   1.5   3.2
   1 1984 269  4525  12.1   7.0   1.133   4.0   8.3
   1 1984 270  7609  13.4   9.2   1.120   3.3   2.2
   1 1984 271 10953  15.3   7.8   1.113   2.2   0.4
   1 1984 272  9099  17.5   9.0   1.217   2.2   0.0
   1 1984 273 11499  20.0   9.7   1.494   2.0   2.3
   1 1984 274  5388  16.1  11.9   1.332   3.7  12.0
   1 1984 275  1698  14.2  10.8   1.363   1.9  12.2
   1 1984 276  8466  14.2  10.3   1.073   3.3   0.9
   1 1984 277  9183  14.0   7.1   1.050   2.8   1.3
   1 1984 278 11503  15.2   6.6   0.975   3.4   1.8
   1 1984 279  3223  11.9   9.2   1.162   2.7   5.3
   1 1984 280  3832  13.2   8.6   1.095   4.5   4.1
   1 1984 281  7312  13.5   8.5   1.076   4.5   1.5
   1 1984 282  1811  14.5  10.2   1.392   4.2   4.3
   1 1984 283  3739  15.5  13.7   1.397   2.6   3.3
   1 1984 284  4043  15.5   9.1   1.429   2.4   2.4
   1 1984 285  7834  15.2  12.1   1.225   2.8   0.6
   1 1984 286  6705  14.6   9.7   1.164   2.3   0.8
   1 1984 287  5496  15.0   8.2   1.240   3.4   0.3
   1 1984 288  4333  14.8  10.8   1.305   2.9   0.3
   1 1984 289  5205  16.3  11.5   1.424   1.8   0.5
   1 1984 290  5184  16.0  11.3   1.347   1.4   0.3
   1 1984 291  7233  15.6   9.3   1.216   3.7   0.6
   1 1984 292  3649  14.9  11.1   1.135   6.5   2.7
   1 1984 293  3954  14.4  10.3   1.209   5.7  10.1
   1 1984 294  6585  11.9   9.3   0.914   6.9   3.1
   1 1984 295  6427  11.3   8.0   0.813   4.5   0.6
   1 1984 296  1020  13.8   7.9   1.277   6.8  10.8
   1 1984 297  3145  14.6  12.9   1.175   4.0   2.2
   1 1984 298  6509  12.9   7.3   0.982   3.9   4.3
   1 1984 299  6688  15.3  10.0   1.172   5.2   2.5
   1 1984 300  5293  12.6   9.5   0.929   3.5   0.3
   1 1984 301  7985  11.8   5.2   0.778   1.7   0.0
   1 1984 302  4569  11.7   2.6   0.938   3.8   1.7
   1 1984 303  2680  14.9   9.9   1.424   3.4   0.4
   1 1984 304  7387  16.6  10.2   1.206   2.8   0.0
   1 1984 305  6370  14.9   8.3   1.124   2.2   0.0
   1 1984 306  7025  16.4   9.6   1.245   3.0   0.0
   1 1984 307  7025  15.7   9.1   1.009   3.2   0.0
   1 1984 308  3352  11.8   9.2   0.918   4.0   0.2
   1 1984 309  5942  10.3   4.9   0.809   4.2   0.4
   1 1984 310  4027   9.5   4.6   0.865   1.4   1.7
   1 1984 311  1459  10.8   4.9   1.034   2.7   1.9
   1 1984 312  3112  11.7   7.3   1.069   2.5   0.9
   1 1984 313  3272  13.7   7.7   1.015   3.4   2.1
   1 1984 314  5136  15.1   8.4   0.924   3.6   0.0
   1 1984 315  4347  14.8   8.9   1.094   1.9   0.5
   1 1984 316  4620  13.2   6.7   1.013   2.5   0.0
   1 1984 317  5757  12.8   7.7   0.889   2.5   0.0
   1 1984 318  4811  11.7   3.8   0.892   2.2   0.0
   1 1984 319  4533  10.3   4.6   0.768   2.5   0.0
   1 1984 320  2945   5.6   2.5   0.645   2.1   3.1
   1 1984 321  3443   6.0   2.7   0.625   4.2   0.2
   1 1984 322  2463   5.1   1.3   0.647   3.1   0.2
   1 1984 323  2324   7.1   2.4   0.801   2.4   0.3
   1 1984 324  2876   8.0   3.6   0.851   2.3   2.9
   1 1984 325  3315   8.6   5.3   0.868   3.0   8.7
   1 1984 326  2226   9.3   4.8   0.955   4.6   6.2
   1 1984 327  1254  12.6   6.6   1.227   6.4  26.7
   1 1984 328  3504  11.9   8.4   1.051   7.8  16.6
   1 1984 329  3714  10.8   8.0   0.928   6.7   2.3
   1 1984 330  3606  10.4   7.6   0.940   4.0   1.2
   1 1984 331  2925   8.5   5.9   0.803   3.2   0.4
   1 1984 332  3114   6.8   3.5   0.667   4.8   0.0
   1 1984 333  1893   9.9   4.4   0.780   5.1   0.3
   1 1984 334  3023  10.3   6.7   0.925   3.7   0.1
   1 1984 335  4267  11.8   6.5   0.780   4.6   0.0
   1 1984 336  4102  10.6   8.5   0.617   3.0   0.0
   1 1984 337  2056   7.7   2.4   0.799   2.2   0.1
   1 1984 338  4023   6.7   2.6   0.705   3.1   0.0
   1 1984 339  3382   6.1   1.7   0.744   2.7   0.1
   1 1984 340  3205   9.1   4.9   0.845   3.4   0.0
   1 1984 341  1836   7.7   4.9   0.788   3.2   2.2
   1 1984 342  3626   6.1   2.8   0.694   2.9   0.0
   1 1984 343  1999   6.9   0.5   0.820   3.2   1.6
   1 1984 344  2609   7.8   5.7   0.830   3.4   0.7
   1 1984 345  2640   8.7   5.0   0.879   3.8   0.3
   1 1984 346  2117   7.6   5.8   0.867   1.4   0.5
   1 1984 347  2584   6.7   3.8   0.760   2.2   0.5
   1 1984 348  3368   6.2   2.7   0.676   2.9   0.2
   1 1984 349  1328   7.3   0.7   0.803   2.8   1.2
   1 1984 350  2706   5.3   2.5   0.717   2.7   3.1
   1 1984 351  1698   4.7   2.7   0.710   2.3   4.0
   1 1984 352  1546   5.0   1.4   0.771   3.6   5.8
   1 1984 353  2086   4.9   3.6   0.654   3.2   0.6
   1 1984 354   979   7.2   1.3   0.828   4.7   4.2
   1 1984 355  1137   8.6   6.3   1.030   4.8  11.3
   1 1984 356  2862   6.6   5.2   0.684   4.5   0.7
   1 1984 357  3271   5.4   3.3   0.658   3.6   1.6
   1 1984 358  1072   5.4   1.2   0.687   4.6   2.6
   1 1984 359  1082   5.7   3.9   0.777   4.5   6.1
   1 1984 360  2868   5.4   4.5   0.679   3.4   2.0
   1 1984 361  1684   4.9   0.5   0.667   2.6   1.5
   1 1984 362  2345   3.7  -0.9   0.635   1.3   0.1
   1 1984 363  2677   1.9  -0.5   0.550   1.0   0.4
   1 1984 364  2693   2.5  -2.2   0.583   0.9   0.3
   1 1984 365  2584   2.4  -2.0   0.557   1.4   0.1
   1 1984 366  1017   4.3  -2.4   0.638   4.0   7.8
